ISS (ZARYA)             
1 25544U 98067A   26009.46765808  .00010469  00000+0  19647-3 0  9990
2 25544  51.6332   5.1965 0007664 358.8636   1.2334 15.49195154547159

Norad Number:         25544
Int. Designator:      98067A  
Epoch:                2026-01-09 11:13:25.658112 UTC
Orbit Number:         54715
Mean Motion Dt2:        0.00010469
Mean Motion Ddt6:       0.00000000
Eccentricity:           0.00076640
BStar:                  0.00019647
Inclination:           51.63320000
Right Ascending Node:   5.19650000
Argument Perigee:     358.86360000
Mean Anomaly:           1.23340000
Mean Motion:           15.49195154

49.1388, 47.7487, 46.1151, 44.2647, 42.2236, 40.0159, 37.6639, 35.1873, 32.6038, 29.9285, 27.1751, 24.3554, 21.4798, 18.5575, 15.5968, 12.6051, 9.58922, 6.55554, 3.51003, 0.458433, -2.59365, -5.64061, -8.67678, -11.6963, -14.693, -17.6602, -20.5908, -23.4768, -26.3095, -29.0789, -31.7739, -34.3816, -36.8874, -39.2747, -41.5248, -43.6165, -45.5264, -47.2294, -48.6992, -49.9096, -50.836, -51.4576, -51.7593, -51.7333, -51.3802, -50.7088, -49.7351, -48.4806, -46.97, -45.2296, -43.2856, -41.163, -38.8847, -36.4715, -33.942, -31.3124, -28.5972, -25.8088, -22.9584, -20.0557, -17.1095, -14.1277, -11.1173, -8.08497, -5.03698, -1.97919, 1.08263, 4.14281, 7.19562, 10.2352, 13.2553, 16.2496, 19.2109, 22.1315, 25.0029, 27.8154, 30.5584, 33.2196, 35.7848, 38.2382, 40.5617, 42.7348, 44.7348, 46.5368, 48.1148, 49.4418, 50.4923, 51.2434, 51.6774, 51.7834, 
30.1579, 35.3462, 40.2287, 44.7979, 49.0595, 53.0288, 56.7265, 60.1766, 63.4044, 66.4349, 69.2921, 71.9987, 74.5759, 77.0433, 79.4192, 81.7203, 83.9626, 86.1609, 88.3295, 90.4822, 92.6327, 94.7943, 96.9809, 99.2064, 101.486, 103.834, 106.267, 108.804, 111.463, 114.265, 117.232, 120.387, 123.754, 127.359, 131.227, 135.378, 139.83, 144.593, 149.663, 155.022, 160.635, 166.444, 172.377, 178.348, -175.731, -169.946, -164.367, -159.047, -154.02, -149.302, -144.893, -140.783, -136.954, -133.383, -130.046, -126.918, -123.974, -121.192, -118.548, -116.024, -113.6, -111.258, -108.983, -106.759, -104.571, -102.405, -100.248, -98.0859, -95.9048, -93.691, -91.43, -89.1065, -86.7044, -84.2065, -81.5942, -78.8474, -75.9446, -72.8627, -69.5771, -66.0629, -62.2949, -58.2497, -53.9076, -49.2557, -44.2911, -39.0255, -33.488, -27.7274, -21.8115, -15.8227, 
425.861, 425.881, 425.839, 425.743, 425.601, 425.423, 425.219, 425, 424.776, 424.56, 424.363, 424.195, 424.067, 423.989, 423.968, 424.013, 424.129, 424.32, 424.59, 424.939, 425.367, 425.87, 426.446, 427.088, 427.788, 428.538, 429.327, 430.144, 430.976, 431.81, 432.633, 433.43, 434.188, 434.893, 435.532, 436.093, 436.564, 436.934, 437.195, 437.34, 437.362, 437.257, 437.024, 436.661, 436.172, 435.559, 434.829, 433.987, 433.045, 432.011, 430.899, 429.722, 428.494, 427.23, 425.947, 424.66, 423.386, 422.14, 420.939, 419.796, 418.727, 417.744, 416.857, 416.077, 415.411, 414.867, 414.447, 414.155, 413.989, 413.95, 414.031, 414.229, 414.536, 414.942, 415.438, 416.012, 416.651, 417.343, 418.074, 418.83, 419.597, 420.363, 421.114, 421.837, 422.523, 423.161, 423.743, 424.261, 424.709, 425.085, 
